[1, 2, 3, 4, 5, 6, 7, 8, 9, 10, 11, 12, 13, 14, 15, 16, 17, 18, 19, 20, 21, 22, 23, 24, 25, 26, 27, 28, 29, 30, 31, 32, 33, 34, 35, 36, 37, 38, 39, 40]&69.1;
[2, 3, 4, 5, 6, 7, 8, 9, 10, 11, 12, 13, 14, 15, 16, 17, 18, 19, 20, 21, 22, 23, 24, 25, 26, 27, 28, 29, 30, 31, 32, 33, 34, 35, 36, 37, 38, 39, 40]&70.0;
[2, 3, 4, 5, 6, 7, 8, 9, 10, 11, 12, 13, 14, 15, 16, 17, 19, 20, 21, 22, 23, 24, 25, 26, 27, 28, 29, 30, 31, 32, 33, 34, 35, 36, 37, 38, 39, 40]&71.5;
[2, 3, 4, 5, 6, 7, 8, 9, 10, 11, 12, 13, 14, 15, 16, 17, 19, 20, 21, 22, 23, 24, 25, 26, 27, 28, 29, 30, 31, 32, 33, 34, 36, 37, 38, 39, 40]&72.8;
[2, 3, 4, 5, 6, 7, 8, 9, 10, 11, 12, 13, 14, 15, 16, 17, 20, 21, 22, 23, 24, 25, 26, 27, 28, 29, 30, 31, 32, 33, 34, 36, 37, 38, 39, 40]&73.7;
[2, 3, 4, 5, 6, 7, 8, 9, 10, 11, 12, 13, 14, 15, 16, 17, 20, 21, 22, 24, 25, 26, 27, 28, 29, 30, 31, 32, 33, 34, 36, 37, 38, 39, 40]&74.1;
[2, 3, 4, 5, 6, 7, 8, 9, 10, 11, 12, 13, 14, 15, 16, 17, 20, 21, 22, 24, 25, 26, 27, 28, 29, 30, 31, 32, 33, 34, 36, 38, 39, 40]&74.5;
[2, 3, 4, 5, 6, 7, 8, 9, 10, 11, 12, 14, 15, 16, 17, 20, 21, 22, 24, 25, 26, 27, 28, 29, 30, 31, 32, 33, 34, 36, 38, 39, 40]&74.9;
[2, 3, 4, 5, 6, 7, 8, 9, 10, 11, 14, 15, 16, 17, 20, 21, 22, 24, 25, 26, 27, 28, 29, 30, 31, 32, 33, 34, 36, 38, 39, 40]&74.8;
[2, 3, 4, 6, 7, 8, 9, 10, 11, 14, 15, 16, 17, 20, 21, 22, 24, 25, 26, 27, 28, 29, 30, 31, 32, 33, 34, 36, 38, 39, 40]&74.5;
[2, 3, 4, 6, 7, 8, 9, 10, 11, 14, 15, 16, 17, 21, 22, 24, 25, 26, 27, 28, 29, 30, 31, 32, 33, 34, 36, 38, 39, 40]&74.5;
[2, 3, 4, 6, 7, 8, 9, 10, 11, 14, 15, 16, 17, 21, 22, 24, 25, 26, 28, 29, 30, 31, 32, 33, 34, 36, 38, 39, 40]&75.0;
[2, 3, 4, 6, 7, 8, 9, 10, 14, 15, 16, 17, 21, 22, 24, 25, 26, 28, 29, 30, 31, 32, 33, 34, 36, 38, 39, 40]&76.0;
[2, 3, 6, 7, 8, 9, 10, 14, 15, 16, 17, 21, 22, 24, 25, 26, 28, 29, 30, 31, 32, 33, 34, 36, 38, 39, 40]&76.1;
[2, 3, 6, 7, 8, 9, 10, 14, 15, 16, 17, 21, 22, 24, 25, 26, 28, 29, 30, 31, 32, 33, 34, 36, 38, 39]&76.6;
[2, 3, 6, 7, 8, 9, 10, 14, 15, 16, 17, 21, 22, 24, 25, 26, 28, 29, 30, 31, 33, 34, 36, 38, 39]&76.2;
[2, 3, 6, 7, 9, 10, 14, 15, 16, 17, 21, 22, 24, 25, 26, 28, 29, 30, 31, 33, 34, 36, 38, 39]&75.6;
[2, 3, 6, 7, 9, 10, 14, 15, 16, 17, 21, 22, 24, 25, 26, 28, 29, 30, 31, 33, 36, 38, 39]&76.9;
[2, 3, 6, 7, 9, 10, 15, 16, 17, 21, 22, 24, 25, 26, 28, 29, 30, 31, 33, 36, 38, 39]&76.6;
[2, 3, 6, 9, 10, 15, 16, 17, 21, 22, 24, 25, 26, 28, 29, 30, 31, 33, 36, 38, 39]&76.8;
[2, 3, 6, 9, 10, 15, 16, 17, 21, 22, 24, 25, 26, 28, 29, 30, 31, 36, 38, 39]&78.1;
[2, 3, 6, 9, 10, 15, 16, 17, 21, 22, 24, 25, 26, 29, 30, 31, 36, 38, 39]&77.4;
[2, 3, 6, 9, 10, 15, 16, 17, 21, 22, 25, 26, 29, 30, 31, 36, 38, 39]&77.0;
[2, 3, 6, 9, 10, 15, 16, 17, 21, 22, 25, 26, 29, 31, 36, 38, 39]&77.3;
[3, 6, 9, 10, 15, 16, 17, 21, 22, 25, 26, 29, 31, 36, 38, 39]&76.7;
[3, 6, 9, 10, 15, 16, 17, 21, 22, 25, 26, 29, 31, 38, 39]&77.3;
[3, 6, 9, 10, 15, 16, 17, 22, 25, 26, 29, 31, 38, 39]&77.5;
[6, 9, 10, 15, 16, 17, 22, 25, 26, 29, 31, 38, 39]&78.2;
[6, 9, 10, 15, 16, 17, 22, 26, 29, 31, 38, 39]&77.7;
[6, 9, 15, 16, 17, 22, 26, 29, 31, 38, 39]&79.1;
[9, 15, 16, 17, 22, 26, 29, 31, 38, 39]&77.7;
[9, 15, 16, 17, 22, 26, 29, 38, 39]&77.6;
[9, 16, 17, 22, 26, 29, 38, 39]&76.5;
[9, 16, 17, 22, 26, 38, 39]&77.9;
[9, 16, 17, 22, 26, 39]&78.4;
[9, 16, 17, 22, 39]&79.5;
[9, 16, 17, 39]&82.5;
[9, 16, 39]&85.2;
[16, 39]&84.9;
[16]&82.6;
[]&81.3;
