[]&81.3;
[16]&82.6;
[16, 23]&97.7;
[16, 23, 37]&95.6;
[16, 23, 37, 29]&92.2;
[16, 23, 37, 29, 36]&89.7;
[16, 23, 37, 29, 36, 2]&86.3;
[16, 23, 37, 29, 36, 2, 4]&83.5;
[16, 23, 37, 29, 36, 2, 4, 30]&82.6;
[16, 23, 37, 29, 36, 2, 4, 30, 20]&80.9;
[16, 23, 37, 29, 36, 2, 4, 30, 20, 15]&81.3;
[16, 23, 37, 29, 36, 2, 4, 30, 20, 15, 24]&81.1;
[16, 23, 37, 29, 36, 2, 4, 30, 20, 15, 24, 18]&79.8;
[16, 23, 37, 29, 36, 2, 4, 30, 20, 15, 24, 18, 34]&79.0;
[16, 23, 37, 29, 36, 2, 4, 30, 20, 15, 24, 18, 34, 39]&77.6;
[16, 23, 37, 29, 36, 2, 4, 30, 20, 15, 24, 18, 34, 39, 14]&77.5;
[16, 23, 37, 29, 36, 2, 4, 30, 20, 15, 24, 18, 34, 39, 14, 11]&77.1;
[16, 23, 37, 29, 36, 2, 4, 30, 20, 15, 24, 18, 34, 39, 14, 11, 8]&76.1;
[16, 23, 37, 29, 36, 2, 4, 30, 20, 15, 24, 18, 34, 39, 14, 11, 8, 17]&75.7;
[16, 23, 37, 29, 36, 2, 4, 30, 20, 15, 24, 18, 34, 39, 14, 11, 8, 17, 21]&75.7;
[16, 23, 37, 29, 36, 2, 4, 30, 20, 15, 24, 18, 34, 39, 14, 11, 8, 17, 21, 25]&74.7;
[16, 23, 37, 29, 36, 2, 4, 30, 20, 15, 24, 18, 34, 39, 14, 11, 8, 17, 21, 25, 9]&74.5;
[16, 23, 37, 29, 36, 2, 4, 30, 20, 15, 24, 18, 34, 39, 14, 11, 8, 17, 21, 25, 9, 32]&74.6;
[16, 23, 37, 29, 36, 2, 4, 30, 20, 15, 24, 18, 34, 39, 14, 11, 8, 17, 21, 25, 9, 32, 7]&74.2;
[16, 23, 37, 29, 36, 2, 4, 30, 20, 15, 24, 18, 34, 39, 14, 11, 8, 17, 21, 25, 9, 32, 7, 3]&74.1;
[16, 23, 37, 29, 36, 2, 4, 30, 20, 15, 24, 18, 34, 39, 14, 11, 8, 17, 21, 25, 9, 32, 7, 3, 28]&74.6;
[16, 23, 37, 29, 36, 2, 4, 30, 20, 15, 24, 18, 34, 39, 14, 11, 8, 17, 21, 25, 9, 32, 7, 3, 28, 26]&74.9;
[16, 23, 37, 29, 36, 2, 4, 30, 20, 15, 24, 18, 34, 39, 14, 11, 8, 17, 21, 25, 9, 32, 7, 3, 28, 26, 12]&74.9;
[16, 23, 37, 29, 36, 2, 4, 30, 20, 15, 24, 18, 34, 39, 14, 11, 8, 17, 21, 25, 9, 32, 7, 3, 28, 26, 12, 1]&75.2;
[16, 23, 37, 29, 36, 2, 4, 30, 20, 15, 24, 18, 34, 39, 14, 11, 8, 17, 21, 25, 9, 32, 7, 3, 28, 26, 12, 1, 22]&74.7;
[16, 23, 37, 29, 36, 2, 4, 30, 20, 15, 24, 18, 34, 39, 14, 11, 8, 17, 21, 25, 9, 32, 7, 3, 28, 26, 12, 1, 22, 10]&74.5;
[16, 23, 37, 29, 36, 2, 4, 30, 20, 15, 24, 18, 34, 39, 14, 11, 8, 17, 21, 25, 9, 32, 7, 3, 28, 26, 12, 1, 22, 10, 13]&74.3;
[16, 23, 37, 29, 36, 2, 4, 30, 20, 15, 24, 18, 34, 39, 14, 11, 8, 17, 21, 25, 9, 32, 7, 3, 28, 26, 12, 1, 22, 10, 13, 31]&74.3;
[16, 23, 37, 29, 36, 2, 4, 30, 20, 15, 24, 18, 34, 39, 14, 11, 8, 17, 21, 25, 9, 32, 7, 3, 28, 26, 12, 1, 22, 10, 13, 31, 38]&73.7;
[16, 23, 37, 29, 36, 2, 4, 30, 20, 15, 24, 18, 34, 39, 14, 11, 8, 17, 21, 25, 9, 32, 7, 3, 28, 26, 12, 1, 22, 10, 13, 31, 38, 33]&73.7;
[16, 23, 37, 29, 36, 2, 4, 30, 20, 15, 24, 18, 34, 39, 14, 11, 8, 17, 21, 25, 9, 32, 7, 3, 28, 26, 12, 1, 22, 10, 13, 31, 38, 33, 40]&74.3;
[16, 23, 37, 29, 36, 2, 4, 30, 20, 15, 24, 18, 34, 39, 14, 11, 8, 17, 21, 25, 9, 32, 7, 3, 28, 26, 12, 1, 22, 10, 13, 31, 38, 33, 40, 6]&74.0;
[16, 23, 37, 29, 36, 2, 4, 30, 20, 15, 24, 18, 34, 39, 14, 11, 8, 17, 21, 25, 9, 32, 7, 3, 28, 26, 12, 1, 22, 10, 13, 31, 38, 33, 40, 6, 35]&72.9;
[16, 23, 37, 29, 36, 2, 4, 30, 20, 15, 24, 18, 34, 39, 14, 11, 8, 17, 21, 25, 9, 32, 7, 3, 28, 26, 12, 1, 22, 10, 13, 31, 38, 33, 40, 6, 35, 5]&71.9;
[16, 23, 37, 29, 36, 2, 4, 30, 20, 15, 24, 18, 34, 39, 14, 11, 8, 17, 21, 25, 9, 32, 7, 3, 28, 26, 12, 1, 22, 10, 13, 31, 38, 33, 40, 6, 35, 5, 19]&69.9;
[16, 23, 37, 29, 36, 2, 4, 30, 20, 15, 24, 18, 34, 39, 14, 11, 8, 17, 21, 25, 9, 32, 7, 3, 28, 26, 12, 1, 22, 10, 13, 31, 38, 33, 40, 6, 35, 5, 19, 27]&69.1;
